m <- 120
b <-200
y <- m+ b
