m <- 120
b <-200
y <- m+ b
z <- y+m
c <- z+8